p_000,p_000/libdaemon/dsignal.c,_c4aea82e61ba886e0f5babf25e0a46fa,3,1,1,4,0,0,0,0,0,2,0,1,1,0,0,0,0,0,2,0
p_001,p_001/virt-what-cpuid-helper.c,_4a5f63bc7a378aa93f4ba4fa3640a163,2,1,0,0,0,0,2,1,0,1,0,0,0,0,0,0,0,0,0,0
p_003,p_003/python/volume_key_wrap.c,_0c2af7600b52cc441e6c7effa9355b24,1,1,0,4,0,0,0,0,0,0,0,0,0,0,0,0,0,0,5,0
p_004,p_004/src/preview.c,_fd424d464e989c75c6be79cb192e1041,2,1,0,3,0,1,0,1,0,2,0,0,1,0,0,0,0,0,1,0
p_006,p_006/src/stack.c,_bf0fca15f1f9d3838dae44abb50135c6,1,1,0,5,1,0,0,0,0,0,0,0,1,0,0,0,2,0,3,0
p_009,p_009/test/dnet/fw.c,_6ba31a817e3e245f2b103f73ab65b750,0,0,0,4,0,0,0,0,0,0,0,0,1,0,0,0,0,0,6,0
p_010,p_010/src/mod_auth_kerb.c,_d489de2c0ac3a8c65aa5c331c1259876,0,0,0,2,0,1,0,0,0,0,0,0,0,0,0,0,0,1,0,0
p_011,p_011/sgmls-1.1/sgmls.c,_3d182e6ae494fcc82cee39d63e02b630,1,1,0,4,0,0,0,1,1,0,0,0,1,0,0,0,0,0,0,0
p_013,p_013/src/libnet_build_ospf.c,_f688be37bd8d50e71f2e51c1ce8603f9,1,1,0,3,0,0,0,0,0,0,0,0,1,0,0,0,0,0,0,0
p_014,p_014/src/utf8misc.c,_89c676be4e341f0e478fbce04d2f0e71,1,1,0,0,0,0,1,0,0,1,0,0,0,0,0,0,0,0,0,0
p_015,p_015/example/otflist.c,main,1,2,0,0,0,0,1,1,1,2,0,0,0,0,0,0,1,0,0,0
p_016,p_016/symlinks.c,_28a27bfc0f1102a7fe5de2a8be9fa1f9,1,3,0,0,0,0,0,2,0,0,0,0,0,0,0,0,0,0,0,0
p_017,p_017/rngd_entsource.c,_73da537099bd38b50d6782912af0fd2c,3,1,0,5,0,0,0,1,0,0,0,1,1,0,0,0,0,0,0,1
p_018,p_018/libjbig/jbig85.c,_f413a162c1e4eb0683174b817fbe5067,1,3,0,0,1,0,1,0,0,0,0,0,0,0,0,0,0,0,2,0
p_022,p_022/src/nlmsg.c,_5c7614af476d259fe86b105bdda78836,2,2,0,2,0,0,0,1,0,0,0,0,1,0,0,0,0,0,0,0
p_023,p_023/test/get_device.c,main,1,2,0,0,1,1,0,2,0,0,0,0,1,0,0,0,0,0,0,1
p_025,p_025/setup.c,main,2,1,0,4,1,0,3,4,0,0,0,0,2,0,0,0,0,0,0,0
p_027,p_027/src/util.c,_fce9988b3ad905bd6fe18acaf5f2e029,0,0,0,4,0,0,1,0,0,0,0,0,0,0,0,0,0,0,3,0
p_028,p_028/art_svp_intersect.c,_8c7432fc9fe04be47d6e8fdd827a324b,1,2,0,3,0,0,0,0,0,0,1,1,0,0,0,0,0,0,0,0
p_029,p_029/libisofs/node.c,_fa929f767807cff82fc6d57ab7b713b8,0,0,0,0,1,1,0,2,0,0,0,2,0,0,0,0,0,0,1,0
p_030,p_030/lib/usbobex.c,_061004a3d143fabdf5468b6ffd2acd63,1,1,0,3,1,0,0,0,0,2,0,0,1,0,0,0,1,0,0,0
p_031,p_031/spiro.c,_09909346319454b5efd08613ed87aafb,2,0,0,4,0,0,0,1,0,0,0,0,2,0,0,0,0,0,0,0
p_033,p_033/src/preview.c,_075f909cfc3cff5eea577d847c5a177f,0,0,0,5,0,0,0,0,0,0,0,0,1,0,0,0,0,0,0,1
p_034,p_034/urlview.c,main,3,1,0,0,1,0,5,5,1,0,0,0,0,1,0,0,0,0,0,0
p_037,p_037/src/libjasper/jpc/jpc_dec.c,_0170dfaa4e04c8ab4336d99cc2878ee6,2,1,0,3,1,0,0,0,0,0,0,0,2,0,0,0,0,0,0,0
p_039,p_039/tests/run-dumper.c,main,3,0,0,4,0,0,0,0,1,0,0,0,1,0,0,0,0,0,0,0
p_040,p_040/libndp/libndp.c,_3c6014040c9bab5fbd3245b5bea8d5a5,0,1,0,4,0,0,2,0,0,0,0,0,0,0,0,0,0,0,5,0
p_041,p_041/symlinks.c,_df80a395bf094fd576796767e0c4d3a5,1,0,0,0,0,0,0,1,0,1,0,0,0,0,0,0,0,0,0,0
p_043,p_043/xinetd/signals.c,_0709d345dea0f90ec37d0c463aac265a,1,1,0,5,0,0,0,1,0,0,0,1,1,0,0,0,0,0,0,1
p_044,p_044/src/serv_list.c,_541003cf0b3476e82deb07cedd1e4bb0,0,1,0,4,0,0,1,0,0,0,0,0,1,0,0,0,0,0,0,0
p_048,p_048/src/lib/hesiod.c,_faebb85c69e22343057a3bda01f3d411,1,1,0,3,0,1,0,1,0,2,0,0,1,0,0,0,0,0,0,0
p_049,p_049/src/module.c,_3ae4e7d231b2193d36e9c36295a45a3e,1,1,0,3,0,0,0,1,0,0,0,0,1,0,0,0,0,0,0,0
p_051,p_051/tpm_getquote.c,main,4,2,0,4,0,0,0,1,1,0,0,0,1,0,0,0,0,0,0,0
p_053,p_053/scsitape.c,_df8487b1107c7e7df9e0ad1381331044,1,1,0,0,0,0,1,1,1,1,0,0,0,0,0,0,1,0,0,0
p_055,p_055/setup.c,main,3,2,0,0,1,0,3,5,0,1,0,0,0,0,0,0,0,0,0,0
p_057,p_057/ns_thrpool.c,_89c9ec9dc6a8747b22e5adf10748b18f,2,2,0,3,0,0,1,0,1,0,0,0,2,0,0,0,0,0,0,0
p_059,p_059/src/misc.c,_6c5f0a9c7252053cfea50c038b13eeba,1,0,0,0,1,1,0,1,0,0,0,2,0,0,0,0,0,0,1,0
p_061,p_061/silk/float/schur_FLP.c,_30a7352fe5a3ce43d4a998d0e17b37b6,2,1,0,3,1,0,0,0,0,2,0,1,3,0,0,0,0,0,0,0
p_062,p_062/lib/volume_luks.c,_71abbcdb9f44066a8fa9fb900271ba96,2,1,0,3,0,0,3,1,1,0,0,0,2,0,0,0,0,0,0,0
p_063,p_063/src/verto-glib.c,glib_ctx_add,0,1,0,4,0,0,2,1,0,0,0,0,1,0,0,0,0,0,0,0
p_064,p_064/tree.c,main,1,2,0,2,0,1,1,0,0,0,0,0,0,0,0,0,0,1,1,0
p_066,p_066/src/connector-dbus.c,_cb15415db26fbd0c65e88161764047bd,1,1,0,0,0,0,1,1,0,0,0,0,0,0,0,0,0,0,0,0
p_072,p_072/talkd/announce.c,_f3ac6464fb768e08e8af8b04e06d3836,3,2,0,4,0,0,2,1,0,2,0,1,1,0,0,0,0,0,2,0
p_076,p_076/pam-panel-icon.c,_8c5704cd5a9491fbb938f2275e7c4134,3,2,0,5,0,0,1,1,1,0,0,1,1,0,0,0,0,0,0,1
p_077,p_077/sgpio.c,_c7591edc50260868dae18e2d1032e7bd,1,2,0,3,0,0,0,0,0,0,0,1,0,0,0,0,0,0,0,0
p_078,p_078/update-mime-database.c,_14be53a82831f638a3627e6b9d77393c,1,1,0,0,0,0,1,1,0,0,0,0,0,0,0,0,0,0,0,0
p_083,p_083/src/prompter.c,_340c35e3978f502255206ae53e01016e,2,0,0,4,0,0,0,1,0,0,0,0,2,0,0,0,0,0,0,0
p_084,p_084/elf.c,_625db14480cfc20c39ced6e284756b2c,4,1,0,4,0,0,0,1,0,0,0,0,1,0,0,0,0,0,0,0
p_086,p_086/library/gnome-keyring.c,_a5678b223bd01db78808cd8485c762a7,2,1,0,0,0,0,0,2,0,1,0,0,0,0,0,0,0,0,0,0
p_087,p_087/src/tcp.c,_211ef65305e279cb058ca24ca1f1448e,0,1,0,5,0,0,2,0,0,0,0,0,0,0,0,0,0,0,5,0
p_088,p_088/diffstat.c,_f16f97165a19ecfbf2836a46e029063c,3,3,0,0,1,0,1,0,0,1,0,0,0,0,0,0,0,0,0,0
p_090,p_090/src/resolve.c,_f77eb784f3d7304fda3a86a445ed83fd,0,0,0,3,0,0,1,0,1,0,0,0,2,0,0,0,0,0,0,0
p_091,p_091/libspeex/testecho.c,main,3,3,0,0,0,0,0,1,1,0,0,0,0,0,0,0,0,0,0,0
p_093,p_093/gtkspell/gtkspell.c,_9d647fb2ee9caee47db7df0e142ab3c0,3,2,0,3,0,0,0,0,0,0,0,2,0,0,0,0,0,0,0,0
p_094,p_094/text.c,_4fe9879b4161afd1dd8b24b156d7e8a8,1,0,0,0,0,0,0,1,0,0,0,2,0,0,0,2,0,0,4,0
p_096,p_096/libtrace/event-parse.c,_b835f3d8399c84bf4e65787dbe4e3f3f,2,1,0,3,0,0,0,0,0,0,0,0,2,0,0,0,0,0,0,0
p_097,p_097/ns_thrpool.c,_8b200d1c784a514287a5ce963623b62a,2,1,0,0,0,0,0,1,1,1,0,0,0,0,0,0,0,0,0,1
p_099,p_099/reader.c,_22b2fc06bea73c96d503250f13bb7a7a,2,0,0,4,0,0,0,1,1,0,0,0,1,0,0,0,0,0,0,0
p_101,p_101/regex.c,_a46743f0e0cb7d7f66090ce7b0d23fe1,1,1,0,0,1,1,2,1,2,0,0,1,0,0,0,0,0,0,0,1
p_104,p_104/net.c,_073db86cf7864ad628d7c6cb7a81a714,2,0,0,4,0,0,0,1,1,0,0,0,1,0,0,0,0,0,0,0
p_105,p_105/src/libnetfilter_cttimeout.c,_0386e171c251189c72d63ac4d4ed3dfd,0,1,0,4,0,0,2,0,0,0,0,0,1,0,0,0,0,0,0,0
p_106,p_106/vector.c,_f62f81defe4e6e6b280d3e8ff76109ff,1,1,0,4,0,0,0,1,0,0,0,0,1,0,0,0,0,0,0,0
p_108,p_108/stmmac.c,_c8dea7f41bf72495f583dbbde1018a3f,2,1,0,4,0,0,0,1,1,0,0,0,2,0,0,0,0,0,0,0
p_110,p_110/src/microhttpd/daemon.c,_00609397c1cb8ed92cd9422b720d73bb,1,1,0,3,1,1,0,0,0,3,0,0,1,0,0,0,1,0,0,0
p_115,p_115/src/parser.c,_616bfdd079244645dd559da59a8f9960,0,1,0,4,0,0,2,0,0,0,0,0,0,0,0,0,0,0,5,0
p_116,p_116/src/iso.c,_d92e5006a0e245bdb0e8ff64446aa8bb,1,2,0,0,0,1,1,1,1,2,0,0,0,0,0,0,1,0,0,0
p_120,p_120/src/ssl.c,_cdcc7e6582325cd26b375cff6fb6ee4b,1,1,0,4,0,0,0,0,0,1,0,0,1,0,0,0,0,0,0,0
p_123,p_123/src/pesign.c,_8841f664a115763ef1426b02edd4c171,0,1,0,4,0,0,1,0,0,0,0,0,0,0,0,0,0,0,3,0
p_125,p_125/src/liblognorm.c,_880a84fd87871ee5725ee0a99c540f06,1,1,0,0,0,0,3,0,0,0,0,0,0,0,0,0,0,0,0,0
p_126,p_126/src/dotconf.c,_cd5ddad2db7436b6b43dd2fe9825d2fc,3,1,0,3,0,0,0,1,1,2,0,0,1,0,0,0,0,0,1,0
p_128,p_128/libcap/cap_extint.c,_b4a62080ca8b3d29800adf1d38fba839,2,1,0,0,1,0,0,0,0,1,0,0,0,0,0,0,0,0,0,0
p_129,p_129/pptp_ctrl.c,_d59a1fc296115be1bde291dc6824acab,2,1,0,0,0,0,0,1,0,1,0,0,0,0,0,0,0,0,0,0
p_130,p_130/libnetlabel/mod_unlabeled.c,_1ec6b1f7d6788abcd5d5fa21863ed582,1,1,0,3,0,0,0,0,0,0,0,0,1,0,0,0,0,0,0,0
p_131,p_131/lib/names-cache.c,_6dacdf5625f9a58deed386610a325ea3,2,0,0,0,0,0,0,2,0,0,0,2,0,0,0,1,0,0,4,0
p_132,p_132/src/umad.c,_e239b77ec328524a7d68fa14af4741b2,2,2,0,3,0,0,1,0,0,0,0,0,2,0,0,0,0,0,0,0
p_133,p_133/test/parser-test.c,_ec782f395ac22f84406e58f1fe17dd9a,4,3,0,0,0,0,3,1,0,0,0,0,0,0,0,0,0,0,0,0
p_134,p_134/oggenc/encode.c,_346a79ec3a437d78c487c3ce3436e2ae,3,1,1,4,0,0,0,0,0,2,0,1,1,0,0,0,0,0,2,0
p_137,p_137/src/conntrack/snprintf.c,_14cdfcd8eeccbbdfc9a144aacf99cc8e,0,0,0,6,0,0,0,0,0,0,0,1,3,0,0,0,0,0,0,0
p_138,p_138/library/gnome-keyring-utils.c,_898e7eb18f5f01e0ffddf2034ff4a799,0,0,0,0,1,1,0,2,0,0,0,2,0,0,0,0,0,0,2,0
p_139,p_139/buffer.c,_eafdc06c349239b9f675d92e4e3f124e,2,1,0,0,0,0,0,1,0,0,1,0,0,0,0,0,0,0,0,0
p_142,p_142/translate.c,_47c2f790314c1142efaa6e78e1023374,2,1,0,4,0,0,0,0,0,0,0,0,1,0,0,0,0,0,0,0
p_143,p_143/src/string.c,_b869d66bd97e35999742395d570d3fdc,0,1,0,4,0,0,2,1,0,0,0,0,1,0,0,0,0,0,0,0
p_144,p_144/src/libnfnetlink.c,_91a703feb80c3da10de5fe19ff088d11,0,1,0,4,0,0,2,0,0,0,0,0,0,0,0,0,0,0,3,0
p_149,p_149/update.c,_a7a3cea1f252d987958e0d75564a25b5,0,1,0,2,0,0,2,0,0,0,0,0,0,0,0,0,0,0,1,0
p_150,p_150/lib/floor1.c,_d5b86f55994bde891718d98391557f2c,0,0,0,1,0,1,0,0,0,0,1,0,0,0,0,0,0,0,2,0
p_156,p_156/page.c,_cb12c132445b85fc576c26afdd5a08d1,2,1,0,6,0,0,0,0,0,0,0,1,3,0,0,0,0,0,0,0
p_158,p_158/src/pam_pkcs11/pam_pkcs11.c,_10a6ae69d2e8d07f78cb4882ac8abc52,0,0,0,0,0,1,0,0,0,0,0,0,0,0,0,0,0,0,0,0
p_163,p_163/src/engine.c,_e0741813d96e0b3c0ad5657c28e52ff5,2,1,0,0,0,0,2,2,0,1,0,0,0,0,0,0,0,0,0,0
p_164,p_164/src/isofs.c,_1291970676a719ce519bae3a53adb2f5,1,1,0,4,0,0,0,0,0,0,0,0,0,0,0,0,0,0,5,0
p_165,p_165/dmidecode.c,_50a988b6bc52842114c89c3679457b8b,2,1,0,3,1,0,0,0,0,2,0,1,3,0,0,0,0,0,0,0
p_168,p_168/src/engine.c,_7b26b16c2d36d8d21a9f5900953fd4fb,1,2,0,4,0,0,2,3,1,2,0,0,1,0,0,0,0,0,0,0
p_170,p_170/src/pstree.c,_61b797fa225d3fd4035e0354d73fbf16,0,1,0,4,0,0,2,0,0,0,0,0,1,0,0,0,0,0,0,0
p_171,p_171/src/fbdev.c,_5f88ecd524b18bc251d9ff7a1edc2996,0,1,0,4,0,0,2,0,0,0,0,0,0,0,0,0,0,0,5,0
p_173,p_173/fax/faxq-helper.c,main,2,1,0,1,0,0,4,1,1,0,0,0,0,0,0,0,0,0,0,0
p_175,p_175/src/bitwise.c,_9098cc64b7a83175c2346603e4b55c7a,0,0,0,3,0,0,0,0,0,0,1,0,1,0,0,0,0,0,0,0
p_177,p_177/hsakmt/events.c,_e7fbf15a5aa2215e5eedb5ca0aafc445,0,0,0,0,0,1,0,2,0,0,0,0,0,0,0,0,0,0,0,0
p_181,p_181/src/extra/gd/gd_io_ss.c,_af4830d6c44d8e5b5f469f889541266b,0,1,0,4,0,0,2,1,0,0,0,0,1,0,0,0,0,0,0,0
p_183,p_183/src/acct.c,____pam_sm_acct_mgmt____,0,1,0,4,0,0,2,1,0,0,0,0,1,0,0,0,0,0,0,0
p_185,p_185/lockfile.c,_b07977fef57bc207b0fc0ef9ef847992,1,2,0,4,0,0,2,0,0,0,0,0,0,0,0,0,0,0,3,0
p_188,p_188/getfattr/getfattr.c,_b32eb5b7fd1c5c5d43e061ebde3a96b2,2,2,0,4,0,0,0,1,0,1,0,0,3,0,0,0,0,0,0,0
p_189,p_189/src/rpcbind.c,_f53996ae92058f3659531a09e1d51799,1,1,0,3,0,0,0,2,1,2,0,0,2,0,0,0,0,0,0,0
p_190,p_190/ModuleCmd_Avail.c,_5d082a65d66d9e85dbc74acf3a374ae7,2,2,0,1,0,1,3,1,0,0,0,0,0,0,0,0,0,0,0,0
p_191,p_191/server-window.c,_aa164f00ebf530264f10543ac2c42869,2,0,0,4,0,0,0,0,0,0,0,0,0,0,0,0,0,0,5,0
p_192,p_192/sbc/sbc_primitives.c,_ce83acddb52199e2f1d084578857c54e,1,1,0,4,0,0,0,0,0,0,0,0,1,0,0,0,0,0,0,0
p_194,p_194/src/plugins/oss/ao_oss.c,_c2477db6cfc968008c7971c2ebdaac84,3,2,0,3,0,0,0,5,0,0,0,0,1,0,0,0,0,0,1,0
p_199,p_199/keysyms/keysyms.c,_9656e0227c13f9665c86673d8c0c7570,2,1,0,5,0,0,0,1,1,0,0,1,1,0,0,0,0,0,0,1
p_205,p_205/src/libnfnetlink.c,_e12c3cac4071abf5d3255593f70e67d0,1,0,0,2,0,0,0,0,0,0,1,0,0,0,0,0,0,0,1,0
p_209,p_209/libnetlabel/mod_mgmt.c,_6de7d950d7a4974781d007f56e2a0286,0,0,0,2,0,1,0,0,0,0,0,0,1,0,0,0,0,0,0,0
p_212,p_212/src/opus_encoder.c,_d5ecc2c02838d18050c652c7cfec7127,2,0,0,4,0,0,0,0,0,0,0,0,0,0,0,0,0,0,5,0
p_215,p_215/src/sdparm_cmd.c,_6be261729c0a62851fbeaa3d2676b49d,3,1,0,4,0,0,2,1,0,2,0,1,1,0,0,0,0,0,2,0
p_216,p_216/userinfo.c,main,0,2,0,4,0,0,2,0,0,0,0,0,0,0,0,0,0,0,5,0
p_217,p_217/src/vesa.c,_99831f9fb1646cc88d836b78dbad916d,0,1,0,2,0,0,2,0,0,0,0,0,0,0,0,0,0,0,1,0
p_219,p_219/pam_cap/pam_cap.c,_29acc1ad9770d6e875397eacdc9529e7,4,0,0,4,0,0,0,0,1,0,0,0,1,0,0,0,0,0,0,0
p_222,p_222/finger/display.c,_413a0823e786b191a239bd24ec9efd15,0,1,0,4,0,0,1,0,0,0,0,1,2,0,0,0,0,0,0,0
p_225,p_225/test/setrom.c,main,0,0,0,4,0,0,1,0,0,0,0,0,1,0,0,0,0,0,0,0
p_226,p_226/src/iniparser.c,_4cf950a9dee1a144b77091915f326bb9,0,0,0,0,1,1,0,0,0,3,0,1,0,0,0,0,1,0,0,0
p_227,p_227/src/plugins/oss/ao_oss.c,_b0b8746617a60a58e1dbfb731203fa75,2,1,0,3,0,0,0,1,0,0,0,0,2,0,0,0,0,0,0,0
p_228,p_228/libasyncns/asyncns.c,_f3316983d395d84482e3d293907bea75,1,2,0,4,0,0,0,0,0,0,1,1,0,0,0,0,0,0,0,0
p_229,p_229/src/libquvi/net_api.c,_5c6fa6d970f64d14f350298ddcbb2a5b,0,1,0,4,0,0,0,0,0,0,0,0,0,0,0,0,0,0,3,0
p_232,p_232/src/proto.c,_b75c261524862fada81eab9a30cff4a9,2,1,0,0,0,0,3,2,0,0,0,0,0,0,0,0,0,0,0,0
p_235,p_235/dns.c,_938ddc96bdc3e91db88a6da231610504,1,1,0,1,0,0,0,1,0,0,0,0,0,0,0,0,0,0,0,0
p_238,p_238/libexif/pentax/exif-mnote-data-pentax.c,_bb6ad9663c8de2fd56ba020ab4a731af,1,1,0,0,0,0,1,0,0,0,0,0,0,0,0,0,0,1,7,0
