p_000,p_000/libspeex/mdf.c,_ce7650573d12337695ac43df6738c3c0,2,2,0,3,0,0,1,0,1,0,0,0,2,0,0,0,0,0,0,0
p_002,p_002/src/framing.c,_57839500c2bb166a404557b571a9bddf,3,1,0,0,1,0,0,1,0,2,0,1,0,0,0,0,0,0,0,0
p_004,p_004/libndp/libndp.c,_ae1e092df278b4c150ac17d1715cfd0a,1,1,0,5,0,1,0,4,0,0,0,0,2,0,0,0,0,0,0,0
p_008,p_008/src/connector-dbus.c,_480889d235d1c3af26223600d57cf8d2,1,0,0,5,1,0,0,0,0,0,0,0,4,0,0,0,0,0,0,0
p_013,p_013/src/sdparm.c,_37d4a994405253a63e1bbf0e55840d7b,2,2,0,2,0,0,0,0,0,0,0,0,0,0,0,0,0,0,10,0
p_014,p_014/src/string.c,_0242ac70c7d046a9348366693a3b0b7e,1,1,0,0,0,0,1,0,1,0,0,1,0,0,0,0,0,0,0,0
p_017,p_017/libusb/core.c,_209a2ed27c9d7c8828d91a326723a1d3,0,0,0,4,0,0,0,1,0,0,0,0,0,1,0,0,0,0,0,1
p_018,p_018/src/libnetfilter_cthelper.c,_811edae22769e2503883e6df0a039171,0,0,0,0,0,0,0,0,0,0,0,0,0,0,0,0,0,0,0,0
p_021,p_021/libjbig/jbig.c,_018ae1089053de02443f4f9a2d200cbf,1,2,0,0,0,0,1,0,0,0,0,0,0,0,0,0,0,0,4,0
p_022,p_022/library/gnome-keyring.c,_2fe2980249909f30c2f0606a0ce72d64,0,1,0,5,0,0,0,1,0,0,0,0,0,1,0,0,0,1,0,1
p_023,p_023/src/json_dec.c,_11394e6a415112d1184ef192b5272ca8,0,0,0,5,0,0,0,0,0,0,1,0,2,0,0,0,0,0,0,0
p_025,p_025/src/proto.c,_f00046327982e69693493524abeba9be,0,0,0,0,0,0,0,0,0,0,0,0,0,0,0,0,0,0,0,0
p_026,p_026/pg_filedump.c,_b1af36cadc4aeb1fd2268f5a66e0d877,2,1,0,0,0,0,3,1,0,0,0,0,0,0,0,0,0,0,0,0
p_028,p_028/src/libquvi/net_wrap.c,_4d16d71662d8d571c3eccf7cfff23c95,1,1,0,0,0,0,0,1,0,0,0,0,0,0,0,0,0,0,0,0
p_029,p_029/xrestop.c,_83f22bb47f60cf73fdc39c8f9a22abe8,0,1,0,0,0,0,2,0,0,0,0,0,0,0,0,0,0,0,0,0
p_032,p_032/src/engine.c,_21c5f3ffacf80a0106ce2b84327ad1c3,1,1,0,4,1,0,0,0,0,0,0,0,0,0,0,0,0,0,3,0
p_033,p_033/malrul.c,main,0,0,0,4,0,0,0,0,0,0,0,0,4,0,0,0,0,0,4,0
p_034,p_034/src/mod_auth_kerb.c,_0b806dab14ff841125765315d35e8bd2,2,1,0,3,0,0,0,1,0,0,0,0,1,0,0,0,0,0,0,0
p_035,p_035/src/acm.c,_5578effd637627f9b9f985d82bf6521d,2,2,0,3,0,0,0,2,0,2,0,0,1,0,0,0,0,0,0,0
p_036,p_036/src/hash.c,_94f18e127c52b27ff34cc657251f9204,2,1,0,0,0,0,2,4,0,0,0,0,0,0,0,0,0,0,0,0
p_037,p_037/parse.c,_5974e0fd3128959dcc15fe3383cfcd8d,0,0,0,0,0,1,0,2,0,0,0,0,0,0,0,0,0,0,0,0
p_040,p_040/text_display.c,_1b3d4fbefb57a2dadafd04bfc2abd9f4,4,2,0,3,0,1,0,2,0,3,0,0,0,0,0,0,0,0,1,0
p_041,p_041/src/libvirtMib_subagent.c,_cdb49bfef1329b2198af681a42833881,3,2,0,3,0,0,0,1,0,0,0,0,1,0,0,0,0,0,6,0
p_042,p_042/test-subclassing.c,main,2,3,0,3,0,0,0,0,0,2,0,0,1,0,0,0,0,0,0,0
p_045,p_045/output.c,_903c74c69b0a4759c58f85e71007b2b6,1,3,0,0,0,0,0,0,1,0,0,0,0,0,0,0,0,0,4,0
p_046,p_046/lib/obex_object.c,_7b9348e9665c6978ec8c9b4497006dc9,2,1,0,0,1,0,0,1,0,0,0,0,0,0,0,0,0,0,0,0
p_047,p_047/libsn/sn-launcher.c,_b8c81e3864824985aa0d725c36cb2c84,2,2,0,3,0,0,2,0,0,0,0,0,0,0,0,0,0,0,4,0
p_049,p_049/cdrwtool/cdrwtool.c,_047f8da447bba205c0a5a6f05f65387d,3,2,0,6,0,0,0,3,5,2,0,1,2,0,0,0,0,0,2,0
p_050,p_050/src/isofs.c,_2b57be4a1c4621184c1e7cb22d06ffd0,1,1,0,0,1,0,0,1,0,2,0,1,0,0,0,0,1,0,0,0
p_052,p_052/nss.c,_75ebe7758a07f8f90d30426a9d0c4299,2,2,0,3,0,0,0,2,2,2,0,0,1,0,0,0,0,0,0,0
p_053,p_053/inet_net_pton.c,_505a0a71eecad77fd9ef7f2db191325e,3,2,0,3,1,1,0,2,0,1,0,0,0,0,0,0,0,0,1,1
p_054,p_054/liblfds/src/ringbuffer/ringbuffer_get_and_put.c,_27a44bdc551e955869b092a3d94a40d3,3,1,0,6,0,0,0,0,0,2,0,1,2,0,0,0,0,0,2,0
p_055,p_055/diffstat.c,_7e9b546624bc8ae29300837d25d72021,2,0,0,0,1,0,0,1,0,0,0,2,0,0,0,0,0,0,1,0
p_058,p_058/ls-caps.c,_1867e9655a462501a54974548be14b10,0,0,0,4,0,0,0,1,0,0,0,3,0,1,0,0,0,0,1,0
p_059,p_059/src/libnfnetlink.c,_352889be6280b9758d3ff6287f082007,0,0,0,0,1,0,0,2,0,0,2,2,0,0,0,0,0,0,1,0
p_060,p_060/src/security.c,_853c08200ae13e9e311124de7309159e,0,1,0,5,0,0,0,1,1,0,0,0,0,1,0,0,0,1,0,1
p_061,p_061/file.c,_16633ac0d7130845891255ccf4dbb523,2,2,0,0,0,0,0,1,0,0,0,0,0,0,0,0,0,0,0,0
p_063,p_063/setserial.c,_3088be200059accb4ce31a3fe7ce3a34,1,0,0,0,1,2,0,1,0,0,0,2,0,0,0,0,0,0,1,2
p_066,p_066/libattr/libattr.c,_7676916c684aca6ccdd5e4b3a0581953,1,2,0,0,0,0,0,1,0,0,0,0,0,0,0,0,0,0,0,0
p_067,p_067/libasyncns/asyncns.c,_3e67ce4d78a077b2a617c820173273d5,1,2,0,1,0,0,1,0,0,0,0,1,1,0,0,2,0,0,1,0
p_070,p_070/unix.c,_4e04134cd59f4de1eb67db8df7bf9b3c,1,4,0,0,0,0,0,1,0,0,0,0,1,0,0,0,0,0,4,0
p_072,p_072/tools/ideviceinfo.c,_cb232620abdd27cca1f708252b53b1e5,1,1,0,0,1,0,0,1,0,2,0,1,0,0,0,0,1,0,0,0
p_074,p_074/src/lsscsi.c,_e86610531c0a97ce3ec713654c6e73da,1,3,0,0,0,0,1,5,0,0,0,0,0,0,0,0,0,0,0,0
p_075,p_075/src/fingerprint.c,_02ecc839f368f80044a3ac7e5a95267f,1,1,0,5,0,1,0,4,0,0,0,0,2,0,0,0,0,0,0,0
p_076,p_076/libspectre/spectre-exporter-pdf.c,_2a6f38e95064174212733a598917bd92,1,0,0,5,1,0,0,0,0,0,0,0,2,0,0,0,0,0,0,0
p_077,p_077/ns_thrpool.c,_4e3000cb3e56fff1b06782a3ebc4cb2f,1,1,0,0,0,0,1,1,0,0,0,0,1,0,0,0,1,0,0,0
p_078,p_078/src/verto.c,_ca2e2cbb2798897b11e282af2a377527,3,1,0,3,0,0,0,1,1,2,0,0,1,0,0,0,0,0,1,0
p_079,p_079/sar.c,_badcc150ced6424145c05483d9879454,0,1,0,4,0,0,0,0,0,0,0,1,1,0,0,0,0,0,0,0
p_081,p_081/src/srvc_resolve.c,_d7e579b29b5a696662b3972841ccd99c,0,0,0,1,0,1,0,0,0,0,0,0,0,0,0,0,0,0,0,0
p_083,p_083/src/tools/card_eventmgr.c,main,1,1,0,0,1,1,0,1,0,1,0,0,1,0,0,0,1,0,0,1
p_084,p_084/libisofs/node.c,_fc052b7b22741f79be5c63c458c5d92b,0,0,0,0,0,1,0,0,0,0,0,0,0,0,0,0,0,0,0,0
p_088,p_088/src/font.c,_70f3a40b5c39d27611582ea670a23d8e,4,2,0,0,0,0,0,2,0,1,0,0,0,0,0,0,0,0,0,0
p_089,p_089/src/ypbind-mt.c,_7c4b0c75ef7585fc6c3890fe21344a87,2,2,0,0,1,0,0,1,0,0,0,0,0,0,0,0,0,0,0,0
p_092,p_092/libhspell.c,_bea3cb40e1f992a56f714d8402985df9,1,1,0,0,0,0,0,0,0,0,0,0,0,0,0,0,0,0,1,0
p_094,p_094/src/cms_common.c,_54bb39e902c29aa7172a58ddd82cbd74,2,1,0,5,0,0,0,0,0,0,0,0,2,0,0,0,0,0,0,0
p_096,p_096/src/file.c,_75a326fe64bbb234a64034a2659752ed,2,1,0,0,0,0,0,1,0,1,0,0,0,0,0,0,0,0,0,0
p_099,p_099/hangul/hangulctype.c,_d427c1a53675649a6396b9cd1284aee7,2,1,0,3,1,0,0,0,0,2,0,0,2,0,0,0,0,0,1,0
p_100,p_100/src/crontab.c,_612159d44afab2fe69df80bb5fc3331c,1,2,0,0,0,0,0,1,0,0,0,0,0,0,0,0,0,0,0,0
p_101,p_101/util/testnum.c,main,2,1,0,5,0,0,0,0,0,0,0,0,1,0,0,0,0,0,0,0
p_102,p_102/src/audio_out.c,_d52d7fb8e5d4e149026411db7d4f827f,2,0,0,0,0,0,3,2,0,0,0,0,0,0,0,0,0,0,0,0
p_104,p_104/src/vesa.c,_26a9624f9e01171be9c3cdc9a9e45b5c,2,1,0,1,0,0,3,1,0,0,0,0,0,0,0,0,0,0,0,0
p_105,p_105/src/sysfs.c,_da67f30600dc2c682c3142a3c2017316,0,0,0,4,0,0,0,0,0,0,0,0,0,0,0,0,0,0,4,0
p_106,p_106/GLwDrawA.c,_d8c50c3734376b83a33ea2bd6ad3d8e0,0,0,0,4,0,0,0,0,0,0,0,0,4,0,0,0,0,0,4,0
p_107,p_107/src/dotconf.c,_b93258a7d249405250ff5176878dc6c8,3,2,0,3,0,0,1,1,1,2,0,0,1,0,0,0,0,0,1,0
p_110,p_110/src/fields.c,_b1533cd7f116b4889c6654f3de5544e9,2,1,0,3,0,0,2,1,0,0,0,0,2,0,0,0,0,0,0,0
p_111,p_111/src/volume_key.c,main,2,1,0,3,0,0,0,0,0,2,0,0,1,0,0,0,0,0,0,0
p_112,p_112/hyphen.c,_0aff4fa3b80e45510ab99cf2afa8097f,1,0,0,0,0,0,0,0,0,0,0,0,0,0,0,0,0,0,6,0
p_114,p_114/libtrace/parse-filter.c,_b1aaeeb5dc2743780404319bdbeb5a40,1,2,0,0,0,0,0,0,0,1,0,0,0,0,0,0,0,0,0,0
p_118,p_118/xdriinfo.c,main,2,1,0,4,1,0,0,1,0,2,0,1,1,0,0,0,0,0,0,0
p_121,p_121/GLwDrawA.c,_40427655b967c54d1a7825ad4963b76c,0,0,0,0,0,1,0,2,0,0,0,0,0,0,0,0,0,0,0,0
p_122,p_122/ogg123/buffer.c,_f3e8828d2d248a8c773e0b4591c5946d,2,1,0,0,0,0,2,1,1,1,0,1,0,0,0,0,0,0,0,0
p_124,p_124/src/iniparser.c,_de9b3545284478f0e5c194b8b0da4f88,1,2,0,0,1,0,0,1,1,2,0,0,0,0,0,0,0,0,4,0
p_125,p_125/mt.c,_2c50485a55f377a071847cefb6d14409,0,1,0,4,0,1,0,0,0,0,0,0,1,0,0,0,0,0,0,0
p_129,p_129/talk/talk.c,main,1,0,0,0,0,0,0,0,0,0,0,0,0,0,0,0,0,0,5,0
p_132,p_132/finger/util.c,_a4a028786baf8ca013f9c4aa86ea9c3c,1,1,0,0,0,1,0,1,3,1,0,1,1,0,0,0,1,0,0,0
p_135,p_135/file.c,_bee867cd1e41fd5d4c64f39144f66d38,1,0,0,4,0,0,0,0,0,0,0,0,0,0,0,0,0,0,2,0
p_137,p_137/src/reader.c,_65f2017fb8c0c137bc59e986463e487a,1,1,0,5,0,0,1,0,0,0,1,0,2,0,0,0,0,0,0,0
p_138,p_138/irqlist.c,_1b18dd5e0b85617c131459723b077913,2,1,0,0,0,0,2,1,1,0,0,1,0,0,0,0,0,0,1,0
p_140,p_140/net.c,_bb5ca39a54aeb0dd4591073810e86d1a,1,2,0,0,0,0,0,0,0,0,0,0,0,0,0,0,0,0,2,0
p_141,p_141/lib/obex_object.c,_7b9348e9665c6978ec8c9b4497006dc9,2,1,0,1,0,0,3,1,0,0,0,0,0,0,0,0,0,0,0,0
p_143,p_143/src/libnetfilter_cttimeout.c,_fafef08e812852090550216558a4a060,0,0,0,0,1,1,0,1,0,0,0,1,0,0,0,0,1,0,0,0
p_144,p_144/fat.c,_ff1423131d3c838cd8abc62c11288629,2,1,0,0,0,1,3,0,0,0,0,0,1,0,0,0,0,0,0,0
p_146,p_146/libcap/cap_alloc.c,_4d55dca35ffab28c3beb5a4821823f65,1,1,0,0,0,0,0,0,0,0,0,0,0,0,0,0,0,0,2,0
p_148,p_148/src/enc/picture.c,_1046ffe8fa74f929fb796b858340f95a,2,1,0,2,0,0,0,0,0,0,0,0,0,0,0,0,0,0,14,0
p_149,p_149/src/libjasper/jpc/jpc_dec.c,_0b752433dbbce7b08c03dadcbd3fdb3f,0,0,0,4,0,0,0,0,0,0,0,0,0,0,0,0,0,0,2,0
p_150,p_150/libdleyna/core/log.c,_2b23256e97e6bb11e09d48fca5cfa810,1,1,0,0,0,0,0,1,0,0,0,0,0,0,0,0,0,0,0,0
p_151,p_151/src/nautilus-sendto.c,main,2,1,0,0,1,0,0,1,0,0,0,0,0,0,0,0,0,0,0,0
p_153,p_153/src/libnetfilter_cthelper.c,_811edae22769e2503883e6df0a039171,1,1,0,5,0,0,1,0,0,0,1,0,2,0,0,0,0,0,0,0
p_154,p_154/window-choose.c,_e58a1af3e5d7cf8f25b4ff857caa0bfd,4,2,0,3,0,1,0,2,0,1,0,0,0,0,0,0,0,0,1,0
p_155,p_155/progs/getpcaps.c,main,1,1,0,0,0,0,2,1,0,0,0,0,0,0,0,0,0,0,0,0
p_158,p_158/libiptcdata/iptc-data.c,_b12a60c46350ce911cd16630fc6c91b8,2,1,0,0,0,0,2,1,0,0,0,0,0,0,0,0,0,0,0,0
p_159,p_159/src/ptree.c,_ccf517036e90348025ae7aeea58b8b2b,1,0,0,0,2,0,1,0,0,0,0,2,0,0,0,0,0,0,0,1
p_162,p_162/main.c,_cdb49bfef1329b2198af681a42833881,2,1,0,0,0,0,2,1,1,0,0,1,0,0,0,1,0,0,0,0
p_165,p_165/src/oddjobd.c,_6ce749577e2988406eb2a48de5829c48,3,2,0,0,1,1,1,3,1,0,0,0,0,0,0,0,0,0,0,0
p_166,p_166/src/atomic_lat.c,main,2,1,0,0,1,0,0,1,0,0,0,2,0,0,0,0,0,0,1,0
p_168,p_168/t1asm.c,main,2,1,0,0,0,1,3,1,0,0,0,0,1,0,0,0,1,0,0,0
p_169,p_169/src/lib/hestest.c,main,2,1,0,0,0,0,2,2,1,0,0,0,0,0,0,0,0,0,0,0
p_170,p_170/asn1.c,_bc8eb38833fdb330bd3543fb3d19fc1e,0,0,0,0,0,0,4,2,1,3,0,1,0,0,0,0,0,0,0,0
p_171,p_171/dmidecode.c,_d2ae237e5b971c8192c346717235c3fb,2,1,0,0,1,0,0,1,0,0,0,0,0,0,0,0,0,0,0,0
p_174,p_174/pptp_gre.c,_afea19ce2fecce3ad64d392f331fce77,3,2,0,3,0,0,0,0,0,0,0,0,1,0,0,0,0,0,6,0
p_176,p_176/libexif/exif-entry.c,_e8d0ed8e4fcbc347a561011d9334a980,0,0,0,0,1,0,1,0,0,0,0,2,0,0,0,2,0,0,3,0
p_184,p_184/urlview.c,_e2804c2a3efe919d760ed174ef87f859,2,2,0,3,0,0,1,0,0,0,0,0,1,0,0,0,0,0,0,0
p_185,p_185/symlinks.c,_60087d41dda1c2b8eb24208031bf12d1,2,1,0,3,1,0,3,0,0,0,0,0,2,0,0,0,0,0,0,0
p_189,p_189/update-mime-database.c,_7f04da9346d6e4f37ec493ed8684fa75,1,2,0,0,0,0,1,0,2,0,0,0,0,0,0,0,0,0,0,0
