p_002,p_002/reader.c,_d4b11a817dcf9e90d7eb2212ebecafc5,2,1,0,0,0,0,0,2,2,0,0,0,2,0,0,0,0,0,0,0
p_004,p_004/mtxl.c,_a83693c7d6f247bb66a1bc0521aff3c7,0,1,0,0,1,0,0,1,0,1,0,0,0,0,0,0,3,0,0,0
p_008,p_008/latencytop.c,_c59a647ef0076cfa847e5488019aba6d,1,2,0,0,0,0,2,4,0,0,0,0,0,0,0,0,0,0,15,0
p_011,p_011/ns_thrpool.c,_240c336f5f0978f7dcc6e48ef2007a5e,2,1,0,0,1,0,0,3,1,1,0,0,0,0,0,0,0,0,0,3
p_015,p_015/src/microhttpd/daemon.c,_1955552820bee53ad211f17f6b85788f,1,2,0,0,1,0,0,1,0,1,0,0,0,1,0,0,0,0,0,0
p_016,p_016/ares_init.c,_89d4022c40d9150f595a3adbe1fcf8d5,1,1,0,0,0,0,1,6,6,0,0,0,0,0,0,0,0,0,15,0
p_017,p_017/mount.cifs.c,_4c7444157db00e25da3c1a4165914c11,2,1,0,0,0,0,1,0,1,0,0,0,0,0,0,0,0,0,0,0
p_018,p_018/src/string.c,_b91621a46e6824839aab9f44621a7e3b,1,1,0,0,0,0,0,3,3,0,0,0,1,0,0,0,0,0,0,0
p_020,p_020/json_tokener.c,_7948ff4ca54994a45a5fe06f37691c29,2,0,0,0,0,0,0,1,0,0,0,0,0,0,0,0,0,0,0,0
p_021,p_021/src/sbcdec.c,_147f95d84a543483455d0ccc6c951d7d,4,2,0,0,0,1,0,0,0,0,0,0,0,0,0,0,0,0,0,0
p_025,p_025/attr/attr.c,main,2,2,0,0,0,0,0,0,0,1,0,0,0,0,0,0,0,0,0,0
p_027,p_027/libexif/olympus/mnote-olympus-entry.c,_ea2535f8e96bc805878e3a00fa3f51fa,1,2,0,0,0,0,0,1,0,0,0,0,1,0,0,0,0,0,0,0
p_029,p_029/libisofs/ecma119.c,_988db6568a42a8b97c5fd7d54741259c,2,0,0,0,0,0,0,1,0,0,0,0,0,0,0,0,0,0,0,0
p_032,p_032/iptc/main.c,main,1,3,0,0,0,2,0,0,0,3,0,0,0,0,0,0,2,0,0,0
p_035,p_035/examples/cwebp.c,main,2,2,0,0,0,0,0,1,0,1,0,0,0,0,0,0,0,0,0,0
p_036,p_036/src/framing.c,_1e29a00f9290e097d3a1302d268c712f,2,0,0,0,0,0,0,1,1,0,0,0,0,0,0,0,0,0,0,0
p_038,p_038/libnetlabel/mod_unlabeled.c,_2a3c9f59b5182ac9c5b2133d86392471,1,1,0,0,0,0,0,1,1,0,0,0,0,0,0,0,0,0,0,0
p_041,p_041/pg_filedump.c,_67d4de103c096112ea5c06e4509af7ea,1,0,0,0,0,0,0,0,0,0,0,0,0,0,0,0,0,0,15,0
p_042,p_042/lib/mapping0.c,_51db053b547f0928277a4c1d7e2b498f,3,2,0,0,1,0,0,1,0,0,0,0,0,0,0,0,0,0,0,0
p_047,p_047/cmd/systool.c,main,1,1,0,0,0,0,0,2,0,0,0,0,0,0,0,0,0,0,0,0
p_049,p_049/spiro.c,_4dd60d539de243f2241f6ae61441e1b6,0,0,0,0,1,1,0,0,0,2,0,0,0,0,0,0,1,0,0,2
p_050,p_050/symlinks.c,_95f95c1de850a93ceeaf3e5d6bf54928,0,0,0,0,0,0,1,0,0,0,0,0,0,0,0,0,0,0,8,0
p_053,p_053/latencytop.c,_c59a647ef0076cfa847e5488019aba6d,3,3,0,0,1,0,2,7,1,1,0,0,0,0,0,0,0,0,0,3
p_054,p_054/src/ptree.c,_26f0fcf51a4cd16ff2cd0716cf4b105c,1,1,0,0,0,0,0,2,0,0,0,0,0,0,0,0,0,0,0,0
p_057,p_057/interact.c,_d09d9bd045e5a580fa0a120c835e2a12,1,1,0,0,0,0,0,1,1,0,0,0,1,0,0,0,0,0,0,0
p_059,p_059/src/nlmsg.c,_b795e4e4cbaf0c6fc59538a946c248c3,1,2,0,0,0,0,0,2,0,0,0,0,0,0,0,0,0,0,0,1
p_060,p_060/src/isofs.c,_b41de17a3ba0bfddc2f3f8844043866b,2,1,0,0,0,0,1,0,1,0,0,0,0,0,0,0,0,0,0,0
p_062,p_062/src/dotconf.c,_27eda23e720652e2bdbdf6dcf41ddf06,1,2,0,5,0,1,3,0,1,0,0,0,1,0,0,0,0,0,3,0
p_064,p_064/src/acme.c,_dc2883f6c2cf9af829cbde382a4d6325,1,2,0,5,0,1,0,6,0,0,0,0,1,0,0,0,0,0,3,0
p_065,p_065/src/framing.c,_1e29a00f9290e097d3a1302d268c712f,2,0,0,0,0,0,0,2,0,0,0,0,0,0,0,0,0,0,0,0
p_067,p_067/rules.c,_4913d9c65e254e8be771ca5eb4ce01ff,1,2,0,0,0,0,3,0,0,0,0,0,0,0,0,0,0,0,0,0
p_069,p_069/src/osc/osc_imv.c,_1031ba73b2004b651256238f72a5cb16,1,1,0,0,0,0,0,0,0,0,0,0,0,0,0,0,0,0,0,0
p_070,p_070/zzip/file.c,_8a8c9a3783c5a0d87bd7e7abd16b3e8a,2,1,0,0,0,0,0,2,2,0,0,0,2,0,0,0,0,0,0,0
p_072,p_072/src/pam_pkcs11/pam_pkcs11.c,_37b4f2c3ca91245f0ee399a0f905a1f2,1,2,0,0,0,0,1,2,1,0,0,0,0,0,0,0,1,0,0,0
p_074,p_074/test/dvcont.c,main,0,1,0,0,1,1,0,2,0,0,0,2,0,0,0,0,0,0,2,0
p_075,p_075/src/nautilus-sendto.c,_162deb2bdc59c6684e788a06365fa0df,0,0,0,0,0,0,0,0,0,0,0,0,0,0,0,0,0,0,11,0
p_081,p_081/utils/ndptool.c,_e23ea19fe09abd7947541410217f6698,1,1,0,0,0,0,0,1,2,2,0,0,0,0,0,0,0,0,0,0
p_083,p_083/src/pk11.c,_38aaeae2d4b3db1a6755efcb374b98f6,0,0,0,0,0,0,0,0,0,0,0,0,0,0,0,0,0,0,15,0
p_084,p_084/dumpet.c,_d36bbd0b19f2029798eb9f8eef1fbebe,0,1,0,0,0,0,0,0,0,0,0,0,0,0,0,0,0,0,15,0
p_085,p_085/tools/idevicebackup2.c,main,1,2,0,0,0,1,0,1,0,0,0,0,0,0,0,0,0,0,0,1
p_086,p_086/src/libvirtSnmp.c,_10c501cddec4dc60007504b6b40b920d,1,1,0,0,0,1,0,1,0,0,0,0,0,0,0,0,0,0,0,0
p_089,p_089/lockfile.c,_811ca47d01f033467f71e9dd0055616a,2,3,0,0,0,0,1,1,0,0,0,0,1,0,0,0,0,0,0,0
p_091,p_091/libsn/sn-monitor.c,_7c91901e1cacefa5e411dd0c9917c254,2,1,0,0,0,0,1,1,0,0,0,0,0,0,0,0,0,0,0,0
p_093,p_093/libspectre/ps.c,_f7ec87c459d34ae964ee9ca162a58a8f,3,1,0,0,0,0,0,1,0,0,0,0,0,0,0,0,0,0,0,0
p_094,p_094/irqbalance.c,main,2,2,0,0,0,0,1,1,0,0,0,0,1,0,0,0,0,0,0,0
p_095,p_095/src/intf.c,_7c20375889d3268ed768ccb03191b704,2,0,0,0,0,1,0,1,0,0,0,0,0,0,0,0,0,0,0,0
p_096,p_096/srp_daemon/srp_daemon.c,_5e3813f56aec3033f3347e0cc8950a3a,3,1,0,0,0,0,1,2,1,0,0,0,0,0,0,0,0,0,0,0
p_106,p_106/src/config.c,_ed7c87531ccaed4bb9240dbb19fdd846,2,0,0,0,0,0,0,1,0,2,0,0,0,0,0,0,0,0,0,0
p_109,p_109/src/opus_encoder.c,_79eb7a49b67fdf11d75226eb61049c28,0,0,0,0,0,0,0,0,0,0,0,0,0,0,0,0,0,0,0,0
p_113,p_113/xinetd/inet.c,_883d0c0fd40d5431c99579a9cacb4ee9,1,1,0,0,0,0,0,2,20,0,0,0,0,1,0,0,0,0,0,0
p_115,p_115/src/player.c,_1eceb418cd8d2eb8c34c8a4bdbbd52c4,2,0,0,0,0,0,0,1,1,0,0,0,0,0,0,0,0,0,0,0
p_116,p_116/ModuleCmd_Init.c,_2f9f1be6af2bbe37d2dfa3f88dc60bd8,2,2,0,0,0,1,1,1,1,0,0,0,0,0,0,0,0,0,0,0
p_117,p_117/egg/tests/test-secmem.c,_d62e28883d2875b8403ac07f99093c3d,1,1,0,0,0,1,0,5,5,0,0,0,0,0,0,0,0,0,0,0
p_119,p_119/tests/example-deconstructor.c,main,0,2,0,0,0,0,0,0,0,0,0,0,0,0,0,0,0,0,15,0
p_122,p_122/src/engine.c,_4050d32b9258007c8cd48a31e125c747,1,1,0,0,0,0,0,1,0,0,0,0,0,0,0,0,0,0,0,4
p_123,p_123/update.c,_8f7bd9f7d4298d33746a5215a59110cd,2,1,0,0,0,0,0,1,1,0,0,0,0,0,0,0,0,0,5,0
p_125,p_125/src/mod_auth_kerb.c,_f0083be8e9948fa22b8c1d6c48a95c99,1,1,0,0,0,0,0,2,0,0,0,0,0,0,0,0,0,0,0,1
p_126,p_126/src/scanadf.c,_0aaec79345c3a6562c56049ef5e6da69,2,4,0,0,1,2,0,1,0,0,0,0,0,0,0,0,0,0,0,0
p_129,p_129/interact.c,_d09d9bd045e5a580fa0a120c835e2a12,2,1,0,0,0,0,0,2,1,0,0,0,0,0,0,0,0,0,0,0
p_130,p_130/libvisual/lv_cpu.c,_72a33da7cd3001830bb1fdcde74ec24b,2,0,0,0,0,0,0,1,1,0,0,0,0,0,0,0,0,0,0,0
p_131,p_131/userhelper.c,_cb328593b16743e8341b936f4e064367,1,1,0,0,1,1,2,3,2,0,0,0,0,0,0,0,1,0,0,0
p_132,p_132/src/lzop.c,main,0,1,0,0,0,0,0,0,0,0,0,0,0,0,0,0,1,0,15,0
p_133,p_133/dmidecode.c,_5071e10dc085245ef579ed378f45673b,0,0,0,0,0,0,3,0,0,0,0,0,0,0,0,0,0,0,0,0
p_134,p_134/src/microhttpd/daemon.c,_1955552820bee53ad211f17f6b85788f,2,0,0,0,0,0,0,1,1,0,0,0,0,0,0,0,0,0,0,0
p_135,p_135/diffstat.c,_3c605af950ee4f60ede2b270d0bb3cda,2,1,0,0,0,0,0,1,0,0,0,0,0,0,0,0,0,0,0,0
p_136,p_136/ixgbe.c,_ec99c508f703574dc01a74d0d21807f3,2,1,0,0,0,0,0,4,1,2,0,0,0,0,0,0,0,0,0,0
p_138,p_138/src/stack.c,_e63ddebbc1d9eac551417f05037d78c9,1,1,0,0,0,0,0,1,1,0,0,0,1,0,0,0,0,0,1,0
p_140,p_140/src/libnfnetlink.c,_f19e60c570c61faa9938f61cd8b68ff5,0,0,0,0,1,0,0,1,0,0,0,0,0,0,0,0,0,0,0,0
p_141,p_141/fingerd/fingerd.c,main,3,2,0,1,2,0,1,2,1,0,0,0,0,0,0,0,0,0,0,0
p_149,p_149/src/killall.c,_8d76d39315791880b229389a21ff7c3b,3,5,0,3,0,0,2,0,2,0,0,1,0,0,0,0,0,0,0,0
p_150,p_150/ls-caps.c,_7964575245ec0e797a8e99ec22b9c159,2,1,0,0,0,0,1,1,1,0,0,0,0,0,0,0,0,0,0,0
p_151,p_151/setserial.c,_8699862c5a074a18d5e47db3aacf7b9f,2,2,0,0,0,1,0,2,1,0,0,0,1,0,0,0,1,0,0,0
p_152,p_152/dns.c,_962f79c26e6308d664e219b46b8f295c,3,3,0,0,1,0,0,1,0,0,0,0,0,0,0,0,0,0,0,0
p_153,p_153/libdleyna/core/settings.c,_f1d3cd1f728064d663725cde339abfda,1,1,0,0,0,0,0,1,1,1,0,0,0,0,0,0,0,0,0,0
p_156,p_156/src/iwarp_pm_server.c,_1afdd14476dd9a18779b1d09df092c37,1,1,0,0,0,0,0,1,1,0,0,0,0,0,0,0,0,0,0,0
p_157,p_157/src/vdagent-x11-randr.c,_f631da125a1c00665e91cd8376cd0b8d,2,1,0,0,0,0,0,2,0,3,0,0,0,0,0,0,0,0,0,0
p_161,p_161/src/tcp.c,relpTcpConnectTLSInit,1,1,0,0,0,0,0,1,0,0,0,0,1,0,0,0,0,0,0,0
p_162,p_162/ipvsadm.c,_4c7444157db00e25da3c1a4165914c11,2,1,0,0,0,0,0,1,1,0,0,0,0,0,0,0,0,0,0,0
p_167,p_167/src/umad.c,_ea8d1eb37f326da35bbdae865a1786d6,0,0,0,0,0,0,1,0,0,0,0,0,0,0,0,0,0,0,8,0
p_169,p_169/tools/testlibraw.c,_0c42fbf5697c4359da67311ec949198f,0,0,0,0,0,0,0,0,0,0,0,0,0,0,0,0,0,0,8,0
p_170,p_170/src/dump.c,_10dce5244c494081e2fdaee2f353c95a,2,2,0,0,0,0,0,0,0,1,0,0,0,0,0,0,0,0,0,0
p_171,p_171/src/mod_auth_kerb.c,_f0083be8e9948fa22b8c1d6c48a95c99,2,0,0,0,0,0,0,1,0,0,0,0,0,0,0,0,0,0,0,0
p_175,p_175/src/mpi/mpi.c,_65ff017ca22ef59b75ddee981a99ff29,2,0,0,0,0,0,0,1,1,0,0,0,0,0,0,0,0,0,0,0
p_176,p_176/src/conntrack/parse_mnl.c,_fa8fafe9259b0aff5e728909577922cf,1,1,0,0,0,1,0,1,2,1,0,0,1,0,0,0,0,0,2,0
p_178,p_178/rcp/rcp.c,_08a0bb7e1e600b6f396ce1ccf240af86,2,1,0,0,0,2,0,0,0,0,0,0,0,0,0,0,0,0,15,0
p_180,p_180/lp5250d/scs2pdf.c,main,1,2,0,0,0,0,1,0,0,0,0,0,0,0,0,0,0,0,11,0
p_182,p_182/src/ptree.c,_26f0fcf51a4cd16ff2cd0716cf4b105c,2,1,0,0,0,0,0,4,2,2,0,0,0,0,0,0,0,0,0,0
p_186,p_186/update-mime-database.c,main,1,2,0,0,0,0,2,0,0,0,0,0,0,0,0,0,0,0,0,0
p_188,p_188/examples/cwebp.c,main,1,2,0,0,0,0,0,3,0,0,0,0,0,0,0,0,0,0,0,0
p_189,p_189/ixgbe.c,_ec99c508f703574dc01a74d0d21807f3,1,2,0,0,0,1,0,1,0,0,0,0,0,0,0,0,0,0,0,0
p_191,p_191/diffstat.c,_3c605af950ee4f60ede2b270d0bb3cda,1,1,0,0,0,0,0,1,0,0,0,0,1,0,0,0,0,0,0,0
p_192,p_192/input-tga.c,ReadImage,3,1,0,0,0,0,0,3,1,1,0,0,0,0,0,0,0,0,5,0
p_193,p_193/hyphen.c,_f6439a49167936b6733a69e75525c7d0,2,1,1,0,0,0,0,0,0,1,0,0,0,0,0,0,0,0,0,0
p_196,p_196/rngd_entsource.c,_bae875151aa7d31addb1733591c541d3,4,2,0,0,0,0,0,0,0,0,0,0,0,0,0,0,0,0,0,0
p_198,p_198/chrpath.c,_17d9560f65723cfdae89212e90e99adb,1,2,0,0,0,1,0,1,0,0,0,0,0,0,0,0,0,0,0,0
p_201,p_201/main_loop.c,_a19f203652bfaad342991ae7ff995700,0,1,0,0,1,0,0,0,0,0,0,0,0,0,0,0,0,0,15,0
p_203,p_203/oggenc/encode.c,_19ed8852ec272d0b5e2f4070cda15c40,2,2,0,0,0,0,0,1,0,0,0,0,0,0,0,0,0,0,0,0
p_205,p_205/src/options.c,_ea88f2fe6259160e323719e81a875e5e,2,0,0,0,0,0,1,1,0,0,0,0,0,0,0,0,0,0,0,0
p_207,p_207/sgmls-1.1/sgmls.c,_6b4d9419edf7927dd2b015ae5d7c561a,0,0,0,0,0,0,0,0,0,0,0,0,0,0,0,0,0,0,8,0
p_210,p_210/progs/capsh.c,main,1,3,0,0,1,0,1,1,2,1,0,0,0,0,0,0,2,0,0,1
p_211,p_211/fingerd/fingerd.c,main,1,1,0,1,2,0,1,0,1,0,0,0,0,0,0,0,0,0,9,0
p_215,p_215/libusb/core.c,_c355d7e25be357e70787a9239b673544,2,1,0,3,0,0,0,0,0,0,0,1,3,0,0,0,0,0,0,0
p_216,p_216/which.c,main,1,1,0,0,0,0,1,0,0,0,0,0,0,0,0,0,0,0,11,0
p_221,p_221/src/intf.c,_7c20375889d3268ed768ccb03191b704,1,1,0,0,0,2,0,1,0,0,0,0,0,0,0,0,0,0,0,0
p_223,p_223/iprconfig.c,_73ff7024a2efd938628bed8b55b359a3,2,1,0,0,0,0,0,1,0,0,0,0,0,0,0,0,0,0,0,0
